01000–0003
1?00??0???
00000–0102
00212–011?
?0212–0112
1100102000
1100102000
1100102000
1100102000
110010?001
110010?001
1100100001
1100102001
1100102001
1100102001
1100102001
100010000?
1000110002
1000110002
1000110002
1010110003
1010111003
1010110003
1010110003
1010100002
0000121002
0000121002
0010120002
0010120002
??????????
??????????
??????????
??????????
??????????
2?00010010
0000010000
01011?10––
00111010––
01111?10––
2000000211
2000000211
1000000211
1000000211
1100010200
2100010200
1100010200
2000000211
2000000211
20000[01]0211
20000[01]0211
2100010100
[23]100010100
[23]100010100
2100010100
3100010200
2100010200
3100010200
3100010200
2100010200
21000002[01]1
[12]100000211
2100000201
2100000201
???????211
???????210
??????????
??????????
??????????
1010000210
1110001201
––––––?011
––––––?0?–
––––––?01?
1000001201
1000001201
1000001201
1000001201
1010001101
1010001101
1010001101
0001011200
0001011200
0001111300
0001111300
1100120200
1100121311
11001213?1
1100121311
110[01]121311
1100121311
110[01]121311
1101120311
1101120301
0111121301
0111121301
0110121301
0111121301
110110??0?
110110??0?
??????????
??????????
??????????
0201100110
120?100110
–0–?0100?0
––––––––––
–0–???0?1?
1100020112
1100020112
110002?112
1100020112
1101020100
1101021101
1101020101
2100021111
2100021111
3100021112
3100021112
3100020100
311012[12]111
3110120111
3110122111
211012[012]101
2110122101
211012[12]101
211012?101
211012[01]111
210012[01]21[01]
210012[01]210
2100110210
2100110210
??????????
??????????
????021111
????021113
??????????
1101000010
?0?[23]10?0?0
0000111110
–––2112111
?0–3111111
2011001010
2011001010
2010001010
2011001010
2002001010
2002000010
2003001010
2012001010
2012001010
2013002000
2013002000
1?130020?0
1113002000
1113002000
1113002000
1113001000
1113001000
1113001000
1113001000
1113001010
1[01]13001110
1113001110
1013001110
1013001110
??????????
??????????
12????????
12????????
?????????0
0021000001 000 001??10?10 –10 –311110010 –11 –311110011 210 –311110010 –10 0120001111 001 0120001111 001 0120001111 001 0120001111 001 0121011211 000 0121011211 000 0121011211 000 0021001111 101 0021001111 101 0011001111 101 0011001111 101 0012001011 101 0012001011 101 0012001011 101 0012001011 101 1012001011 101 0012001011 101 0012001011 101 1012001011 101 0022011011 101 00[12]2011011 101 0122011011 101 0200011011 201 0200011011 201 ?????????? ??? ?????????? ??? ?????????? ??? ?????????? ??? 0011001011 1??